1.000000000000000000e+02,1.000000000000000000e+02,1.000000000000000000e+02,1.000000000000000000e+02,1.000000000000000000e+02,1.000000000000000000e+02,1.000000000000000000e+02,1.000000000000000000e+02,1.000000000000000000e+02,1.000000000000000000e+02,1.000000000000000000e+02,1.000000000000000000e+02
1.000954092423612849e+02,9.993232635703218136e+01,1.000252440060850319e+02,1.000743592239577566e+02,1.000537803937500740e+02,1.000071965776869689e+02,1.000414411107797292e+02,1.001176527196762152e+02,1.000102725554646241e+02,9.993046298823577445e+01,9.998296604021120970e+01,1.000219323301081857e+02
1.000824973460119907e+02,9.993615610773012747e+01,9.997792351163279534e+01,1.000827821592674667e+02,1.001122185056250942e+02,1.001191674864391246e+02,1.000831660952123769e+02,1.000536853265470256e+02,9.993687350923066504e+01,9.994118580990638634e+01,1.000162996323709308e+02,9.994928504771225164e+01
1.000841160086967392e+02,9.996510571023355851e+01,1.000209413490211716e+02,1.001959989805464488e+02,1.001651162700713513e+02,1.000973039492943002e+02,1.000702567419393176e+02,1.000397941955634025e+02,1.000113205233593021e+02,9.991921072234396206e+01,9.986981730548893665e+01,9.999000910909697382e+01
9.999654714784044529e+01,9.986428384799808100e+01,9.989142929688307504e+01,1.002289061645532229e+02,1.001079681252294478e+02,1.000659466564785873e+02,1.000473476986988857e+02,1.000066321623918100e+02,9.999115283738859716e+01,9.998683175728997696e+01,9.994651463863498009e+01,1.000104834561871030e+02
9.994225710352469605e+01,9.985568242327818211e+01,9.986777229890522278e+01,1.003057646209662295e+02,1.000844954244067253e+02,1.000298962629585589e+02,1.001132969601986105e+02,1.000083853156930331e+02,9.999602533447881569e+01,9.998967050534744772e+01,9.991085575755495540e+01,1.000004018380856223e+02
9.997813558041185900e+01,9.990687295183455774e+01,9.986805411824857970e+01,1.003261237035598441e+02,1.000304654500087906e+02,1.000346932365297619e+02,1.000886211607681417e+02,9.993864475628888044e+01,9.994058488694007281e+01,9.999522549802415483e+01,9.996403004149519234e+01,1.000840061008727560e+02
9.995922885002107705e+01,9.983240262881858484e+01,9.974919694908382439e+01,1.003349272823536182e+02,9.986591015490699874e+01,9.989147508887440097e+01,1.000901927933417426e+02,9.992903353201458572e+01,9.990597719425267087e+01,9.997352959150666152e+01,9.995289158954903996e+01,1.001099798028422612e+02
9.993661641031218323e+01,1.000120667551152422e+02,9.978001614374548467e+01,1.003408264921352782e+02,9.990620212623279883e+01,9.991571175621541556e+01,1.000553969045951703e+02,9.979271184311045317e+01,9.993487397291801244e+01,1.001052445313539891e+02,9.996717511295973679e+01,1.001492220774953239e+02
9.999046194883308658e+01,1.000431303087413824e+02,9.983112117775712591e+01,1.002775307557936344e+02,9.993456069803768571e+01,9.992546613129366051e+01,1.001497553987462936e+02,9.982499738702976799e+01,9.981671942750834603e+01,1.000234194870016893e+02,9.990952184307285222e+01,1.001770185793006647e+02
9.986267328623539186e+01,1.000941134327525361e+02,9.985535351449041741e+01,1.001892014761549774e+02,9.999022498620573174e+01,9.990057879751537939e+01,1.001941589513079123e+02,9.983466750257585431e+01,9.990181172399650222e+01,1.000656625047097492e+02,9.984106961120998847e+01,1.002371585665366922e+02
9.985499727108449974e+01,1.001003784842135502e+02,9.984672632407708193e+01,1.001845359740774910e+02,9.995452484277296890e+01,9.989994038101585261e+01,1.001673441264735800e+02,9.990639187086966899e+01,1.000307454096754043e+02,1.001236967602223018e+02,9.982788190042300869e+01,1.003486190524106263e+02
9.984966210070818704e+01,1.001645337454433928e+02,9.994233787518783174e+01,1.002126915512392600e+02,1.000601103806693430e+02,1.000162810666016071e+02,1.001431627013510308e+02,9.983242615780800122e+01,9.997690665711184010e+01,1.000476016486695841e+02,9.984831776825494387e+01,1.002225087357867466e+02
9.982570486020897249e+01,1.001531181866029812e+02,9.996286217674764885e+01,1.002354159092713388e+02,1.001516553493134438e+02,9.996902875374620123e+01,1.000916010513325602e+02,9.985483281513228349e+01,1.000465918868755182e+02,1.000005607780080652e+02,9.989074615099724497e+01,1.002680437626862329e+02
9.985928363240785188e+01,1.001981243575101672e+02,1.000393062974186904e+02,1.002011504196511424e+02,1.002100530909013401e+02,9.991163336880887869e+01,1.000591202004085289e+02,9.991757383538764259e+01,9.998269632327279055e+01,9.994055746466304413e+01,9.989216669138714622e+01,1.002860654098122097e+02
9.995068167948467419e+01,1.000896134769608210e+02,1.000057407291180880e+02,1.002810710865868344e+02,1.001248421507129365e+02,9.997915040063867309e+01,1.001178888808156842e+02,9.983897912386841256e+01,9.998279924971323851e+01,1.000566641228021751e+02,9.996207528590063873e+01,1.002909015101058259e+02
1.000543862414941003e+02,1.000836085911452784e+02,9.991111586157389013e+01,1.003645894493492392e+02,1.001007306848985223e+02,1.001487059409653142e+02,1.002214002128043688e+02,9.979897024271072326e+01,1.000225911282173854e+02,9.999279374247808505e+01,9.992626299082330377e+01,1.003292545468222130e+02
1.001828571821397134e+02,1.000135536490881947e+02,1.000700816185392057e+02,1.004442092617084796e+02,1.000911478066231126e+02,1.001756772781012614e+02,1.001914259735202251e+02,9.970804926210922758e+01,1.000668859641556878e+02,9.998730638964353545e+01,9.981415926139040096e+01,1.003959398181814322e+02
1.002162069507244411e+02,1.001272668142768083e+02,1.001331390272181210e+02,1.004102802740343918e+02,1.001095222395919677e+02,1.003131912043444203e+02,1.000795035581570147e+02,9.986678878241016832e+01,1.001302243225274395e+02,1.000182612114275713e+02,9.987248817716125870e+01,1.003468072678941070e+02
1.002653138072004992e+02,1.000876349995593131e+02,1.001393864306140244e+02,1.003963425778411960e+02,1.001450543280205210e+02,1.002718871501177915e+02,1.001159670738506264e+02,9.990446118514275042e+01,1.001512853283917650e+02,1.000725992179236385e+02,9.986386277576882264e+01,1.003557669598854147e+02
1.002472819557161756e+02,1.001576968798033107e+02,1.003072881337152751e+02,1.002738864785644068e+02,1.001117377843482927e+02,1.001917085650319024e+02,1.002275633183357684e+02,9.995176977082083170e+01,1.001694201375747610e+02,1.001469547993971787e+02,9.991743761141698599e+01,1.002836880739185688e+02
1.001040184235048400e+02,1.001614511866196580e+02,1.002976533016087188e+02,1.003812662479427757e+02,1.001529233855544305e+02,1.001867261031004404e+02,1.002360546283376408e+02,1.000991387622107140e+02,1.001866721746401367e+02,1.001613100879021658e+02,9.994570275387044944e+01,1.002674244097670311e+02
1.001524999480623990e+02,1.001439926393104827e+02,1.002727480082895397e+02,1.003757610260289823e+02,1.001831367567486240e+02,1.002326591979131365e+02,1.001535384454779916e+02,1.001500143350682777e+02,1.000602123846594083e+02,1.001991190738417572e+02,1.000042602504081373e+02,1.003680354580536118e+02
1.000609198294565516e+02,1.002356956313695093e+02,1.003133848750121331e+02,1.004356686583031291e+02,1.001179098153282325e+02,1.002066248948113696e+02,1.000902675933501342e+02,1.001726309789596456e+02,9.997309726520710171e+01,1.002076293544941734e+02,1.000399412059252739e+02,1.002598129197277643e+02
1.001516081376794176e+02,1.003326255529517255e+02,1.003349678112308823e+02,1.004611624562582790e+02,1.000666222618150840e+02,1.002576498840649464e+02,1.001526280724066282e+02,1.001005496944246289e+02,1.000216223981047392e+02,1.002333772179615039e+02,1.000880732068823704e+02,1.001956787727006315e+02
1.001859614346890055e+02,1.003358325522583954e+02,1.004099153455082529e+02,1.004736654931356554e+02,1.000629043898175752e+02,1.002322461064526351e+02,1.001398584888047338e+02,1.001369557420987348e+02,1.000878908887834342e+02,1.002775501286342461e+02,1.000916731362592742e+02,1.001832551421516229e+02
1.002397596088882068e+02,1.003066759857906334e+02,1.005245031421050044e+02,1.003289857898846833e+02,1.001021106169881847e+02,1.002173838500897887e+02,1.002078703116787892e+02,1.001138987675441143e+02,1.001674725407240771e+02,1.003071593128311889e+02,1.000955365400615449e+02,1.002214432954135077e+02
1.002818525302448620e+02,1.003144037321703763e+02,1.004733475581976307e+02,1.003850062431987595e+02,1.002053948946376920e+02,1.001728789109580475e+02,1.001283350041644269e+02,1.001753713790094054e+02,1.002588940430764097e+02,1.003480815217989175e+02,1.001052276762494415e+02,1.003203583561438279e+02
1.002964803182522928e+02,1.003436556564658417e+02,1.004927337681854027e+02,1.003276055111769836e+02,1.001900458494635018e+02,1.000962632206943681e+02,1.001788257544941985e+02,1.001125784561173333e+02,1.002890278291625066e+02,1.004038195888373792e+02,1.001629298746741199e+02,1.003096799487674105e+02
1.004193489482446893e+02,1.003722470622494569e+02,1.005699915608243629e+02,1.003747158145878728e+02,1.003326383985985188e+02,1.000377092533424275e+02,1.001536387177516474e+02,1.001830900127841062e+02,1.003179904601306021e+02,1.004859707796718169e+02,1.001586905711339455e+02,1.003525721174450069e+02
1.003787252612210779e+02,1.003295356413790955e+02,1.006825723809155875e+02,1.004021752167627000e+02,1.004536290217212553e+02,1.000364410758320162e+02,1.002234830969915578e+02,1.001706037552248318e+02,1.002674644817764431e+02,1.006513367650822488e+02,1.000962218273625410e+02,1.004111460287690534e+02
1.003355516117258333e+02,1.002846204936131187e+02,1.007050941025997162e+02,1.003231262973263824e+02,1.005086923971393276e+02,1.000852708352910696e+02,1.001811188408937170e+02,1.001718989348720612e+02,1.004308240629403031e+02,1.006638600941586361e+02,1.001090510695981664e+02,1.005079201732801124e+02
1.003051178019214973e+02,1.003276237332737963e+02,1.007111150299064661e+02,1.003608676468111867e+02,1.003834080958076100e+02,1.001988048624743470e+02,1.002037037585530896e+02,1.002845058839560437e+02,1.004244345217573482e+02,1.007260941548665016e+02,1.000505473807130414e+02,1.005528038416858578e+02
1.003523580373052795e+02,1.003166758236213383e+02,1.006644838544270613e+02,1.005492058504367208e+02,1.004985425155423258e+02,1.002513883429541721e+02,1.001369059645351314e+02,1.002239606118460529e+02,1.004690725922917522e+02,1.006794768843403460e+02,1.000856971967959623e+02,1.005247650675807591e+02
1.003195693222948819e+02,1.003663096612269214e+02,1.006191277730248146e+02,1.005468155547995792e+02,1.005071761639775474e+02,1.002813367580152004e+02,1.001460714918177501e+02,1.001656850470808280e+02,1.005727997675974166e+02,1.007878296450360835e+02,1.000626367937246783e+02,1.005407657856764274e+02
1.003483475965872458e+02,1.003399997391967844e+02,1.006986848478282326e+02,1.005565904716084304e+02,1.005390853711717085e+02,1.003386419272355283e+02,1.001585786822969624e+02,1.001593713908489889e+02,1.006213392931656330e+02,1.008344025755842210e+02,1.000400654016335835e+02,1.006380755302122623e+02
1.003047202754378588e+02,1.003562498308342725e+02,1.007390173769371842e+02,1.006222597123202291e+02,1.005863144882148248e+02,1.003627733494247849e+02,1.001632587135742227e+02,1.000149417003710539e+02,1.006140969312753981e+02,1.008833859819705339e+02,1.001485768063387951e+02,1.006175586851357338e+02
1.003950615036812621e+02,1.004223448159064986e+02,1.008385241878926450e+02,1.006614586529502589e+02,1.007020061383413747e+02,1.003315461467284280e+02,1.002406363311751250e+02,1.000883787203716651e+02,1.005802422682421167e+02,1.009201664231300271e+02,1.001665792365399597e+02,1.006297808874054169e+02
1.002560324212628871e+02,1.003699026446274729e+02,1.008026998507039025e+02,1.006892590829532139e+02,1.007194847144330083e+02,1.003061047350382609e+02,1.003050117301377355e+02,1.000999457605431502e+02,1.006084065665803706e+02,1.009115475934809183e+02,1.001519865886403693e+02,1.006801711940896666e+02
1.003446334669159228e+02,1.003381542069784587e+02,1.008508837865388870e+02,1.006837984829855515e+02,1.007040896256284839e+02,1.003619114502988054e+02,1.002983154832323152e+02,1.001361441178993203e+02,1.006484918542470268e+02,1.008364426478131151e+02,1.001231915437999049e+02,1.006964191155721409e+02
1.002665928748235160e+02,1.004456830338381224e+02,1.008046410206213181e+02,1.006831262958578179e+02,1.006849339921304392e+02,1.004940633773002077e+02,1.002063147443769537e+02,1.001911465835910064e+02,1.006905325700714684e+02,1.009396948557458842e+02,1.002064009985155337e+02,1.007626111146100243e+02
1.003472139373868117e+02,1.003940259551854979e+02,1.008290896764858360e+02,1.007715822490865349e+02,1.006892415840119526e+02,1.005695897474429898e+02,1.002720906669196523e+02,1.001764709463529925e+02,1.007071829977111150e+02,1.010358677054684904e+02,1.002681192514745732e+02,1.007220258871314940e+02
1.004414091542344778e+02,1.004209872218823278e+02,1.008486239220408862e+02,1.007770991132658907e+02,1.006874867514886631e+02,1.004982993959989983e+02,1.003795954604124177e+02,1.002129746783401458e+02,1.006727718488771899e+02,1.010052431790225711e+02,1.002888648065460302e+02,1.006644379797063635e+02
1.005182921582437814e+02,1.004735187713712179e+02,1.009692695507700648e+02,1.008559626785091865e+02,1.007442948064994965e+02,1.005816654431237254e+02,1.003739025208147382e+02,1.002067097634248256e+02,1.007626073452562849e+02,1.010840630503374911e+02,1.002873117070883779e+02,1.007303123058730137e+02
1.005235340141642268e+02,1.006397076070562804e+02,1.009277994463473362e+02,1.008620960257194668e+02,1.007099526838362777e+02,1.005758663158531903e+02,1.004308968783662692e+02,1.002571775511144665e+02,1.007541588358201778e+02,1.010540363933904047e+02,1.004288582521477906e+02,1.006013898378169955e+02
1.006008852208070010e+02,1.007423496246974537e+02,1.008860870925861377e+02,1.009887509644071741e+02,1.007397046309613131e+02,1.006062689562640031e+02,1.004819224154296649e+02,1.002383376638151304e+02,1.008121864567709878e+02,1.010188753946194993e+02,1.005956661629876834e+02,1.005575160287962007e+02
1.005894898076543882e+02,1.006768106379363985e+02,1.009805911751683425e+02,1.009795159766117649e+02,1.006986599479156013e+02,1.006114037834170034e+02,1.005159836906009332e+02,1.001490375203622278e+02,1.006950505328283754e+02,1.011205077460053872e+02,1.006588942109416820e+02,1.004699017082814265e+02
1.006226385716461778e+02,1.006218405472092883e+02,1.010002154892305271e+02,1.009940237586932739e+02,1.006552594548198130e+02,1.005544205847930783e+02,1.005199771253428622e+02,1.001552061835521101e+02,1.006520595551408235e+02,1.012826275156316029e+02,1.007204672519674631e+02,1.005236076348014791e+02
1.006812434501488696e+02,1.005193245739278467e+02,1.009560720529055260e+02,1.010156382695007977e+02,1.005905065381406445e+02,1.006292713870386990e+02,1.004587110621099981e+02,1.002183139987459981e+02,1.007282249952033339e+02,1.014103561550401622e+02,1.007288308178875411e+02,1.005768250624485489e+02
1.007316611839902691e+02,1.005439509099120556e+02,1.010011117266637655e+02,1.010376616029094379e+02,1.005590748395747340e+02,1.006202012522219178e+02,1.005067158020006559e+02,1.002895437496484590e+02,1.005634360385568016e+02,1.013877842790814015e+02,1.006787766168456670e+02,1.005911972609783334e+02
1.006813492019358449e+02,1.006090234406740649e+02,1.010214945059510683e+02,1.009745741278519944e+02,1.004846518604442025e+02,1.006092317079440619e+02,1.004557540135603801e+02,1.002914467445130242e+02,1.005945953886042616e+02,1.015606373556246638e+02,1.006588523001543081e+02,1.005797961985345808e+02
1.006597138307735406e+02,1.006707920805081642e+02,1.011507777058062914e+02,1.009938832956956389e+02,1.004404631144866897e+02,1.006424336128151964e+02,1.005685240666476545e+02,1.002507832845837754e+02,1.006343566900541191e+02,1.015279645656651439e+02,1.006231511621996617e+02,1.005261932673913066e+02
1.006215128164611201e+02,1.006540280976112172e+02,1.010627836162695274e+02,1.010501801580319778e+02,1.004542451785864046e+02,1.005920029439730001e+02,1.004509421547325303e+02,1.003521096390688427e+02,1.006964998287649422e+02,1.014819827408547752e+02,1.007222658508879363e+02,1.005883316816955926e+02
1.006617389579804467e+02,1.006757411646706117e+02,1.010522103472800808e+02,1.011134602980720842e+02,1.004144991293944855e+02,1.005176396329850235e+02,1.003507951907740505e+02,1.003509451390703759e+02,1.006707372015686985e+02,1.015977887963418311e+02,1.007819238859915174e+02,1.005458222035586289e+02
1.006264125372753284e+02,1.006719290550361734e+02,1.009475132895413481e+02,1.011943769115687815e+02,1.004642773753255653e+02,1.005741719492252884e+02,1.003340426141446073e+02,1.002885775631531260e+02,1.007422692096746601e+02,1.016521543877286575e+02,1.007410230189985469e+02,1.006051725888624162e+02
1.005707476586487275e+02,1.008088029020894538e+02,1.011032234110028156e+02,1.011371014335217353e+02,1.004789652787717671e+02,1.005627729193173820e+02,1.002693717686870372e+02,1.003192137212727886e+02,1.006401580127064079e+02,1.016663509457157915e+02,1.007792072871158240e+02,1.006353786436402373e+02
1.006426727284897567e+02,1.008186509180244457e+02,1.012239287300678825e+02,1.011903734530014702e+02,1.005621117845275592e+02,1.004536756442819296e+02,1.002560323384290228e+02,1.003585468975777246e+02,1.005930352761099869e+02,1.016976222556977234e+02,1.009364772838729891e+02,1.006431155269423670e+02
1.006353400336446384e+02,1.007834172252213278e+02,1.011942584022781801e+02,1.010825529028917487e+02,1.005621285290661859e+02,1.003952099532128130e+02,1.001957280536033466e+02,1.003160155049439481e+02,1.006436038152214962e+02,1.016841540408005926e+02,1.009999403319153117e+02,1.006653641551180982e+02
1.007273143110955402e+02,1.007923330122150674e+02,1.012328833633742136e+02,1.009382340775614892e+02,1.005675698505229718e+02,1.003458120550103274e+02,1.002839109051978710e+02,1.004291994874598828e+02,1.006735578518941736e+02,1.015912570256128760e+02,1.009913026581306355e+02,1.006919709178908562e+02
1.007318307355321139e+02,1.007314450179582082e+02,1.013483973022726587e+02,1.009123047027054412e+02,1.005141754680577293e+02,1.002982528294615321e+02,1.003603866807952443e+02,1.004738089244740138e+02,1.008686792145560105e+02,1.015071986897618643e+02,1.010741927710046042e+02,1.008300460877121765e+02
1.008227275252235131e+02,1.007563236060415903e+02,1.013636241596096994e+02,1.009498116657482285e+02,1.004988839219615073e+02,1.003113017152532791e+02,1.004240050998731846e+02,1.005956881794425044e+02,1.008632288540935349e+02,1.015166428980370910e+02,1.010997932179688803e+02,1.008073236484522113e+02
1.007905269164944571e+02,1.008056674827780625e+02,1.013167615150657070e+02,1.009622395771582433e+02,1.004111566316939275e+02,1.003819064080013135e+02,1.004418895872297384e+02,1.006409988286746682e+02,1.008517897954862548e+02,1.013977162264707772e+02,1.010330361674691062e+02,1.008673266516965299e+02
1.007064401515161904e+02,1.007818220598403371e+02,1.012998999493530334e+02,1.009727350968193633e+02,1.004271653897206420e+02,1.004364290394743335e+02,1.005031173188601201e+02,1.005780695384166989e+02,1.008295647635937371e+02,1.014306664109993363e+02,1.010958192469988148e+02,1.008816123317928231e+02
1.006983756825694201e+02,1.007278980289011088e+02,1.012617285241437202e+02,1.009676337371525108e+02,1.003777442239142630e+02,1.003359749398682510e+02,1.005474686112702898e+02,1.006258429865197570e+02,1.007292186103884291e+02,1.014514001432582546e+02,1.011256815547684909e+02,1.007875165001584321e+02
1.008258843477309910e+02,1.007252289344622511e+02,1.013473774275718995e+02,1.009892490461823940e+02,1.003757391860421961e+02,1.004141236171544591e+02,1.006467857591785702e+02,1.005946662471002213e+02,1.007991788291007396e+02,1.014281262431496486e+02,1.011667560746900563e+02,1.007349690358680476e+02
1.008556923823544196e+02,1.007505090518509121e+02,1.012612989049280117e+02,1.009220359375792100e+02,1.003207209437120753e+02,1.004741776637153805e+02,1.006201331327613815e+02,1.006050900313608878e+02,1.008098140674700716e+02,1.013835724454361866e+02,1.011989631805720364e+02,1.007124101815498562e+02
1.007906679214431307e+02,1.007155082476599404e+02,1.013398526580121342e+02,1.008231338015114460e+02,1.003076921413521347e+02,1.006155204790303941e+02,1.006507931219472169e+02,1.006568040039864655e+02,1.007050216351838117e+02,1.013258686541313551e+02,1.012299682282353075e+02,1.007390363596185239e+02
1.008271460243309008e+02,1.007405146603516215e+02,1.012594038913259737e+02,1.007026676634320097e+02,1.003528316288890636e+02,1.004784950789299387e+02,1.007532829227240398e+02,1.005938218047187576e+02,1.006582762316426880e+02,1.014265083995022962e+02,1.012167393966884248e+02,1.007363238066535445e+02
1.007478385346915104e+02,1.006460362980178900e+02,1.011878150503603280e+02,1.007108372633428388e+02,1.003563171024335645e+02,1.004650443846543908e+02,1.007138661423661858e+02,1.006017989428274291e+02,1.005993128272856723e+02,1.014956264248711619e+02,1.012887471525765335e+02,1.007703571838025312e+02
1.007632256415308660e+02,1.006157794005760735e+02,1.011111742148041941e+02,1.007207892840595207e+02,1.002769155752189079e+02,1.004617375352914621e+02,1.008130991406647610e+02,1.006463232695444816e+02,1.005676508927809607e+02,1.015777823561212756e+02,1.011788060875115463e+02,1.007025406496002233e+02
1.007293185057131808e+02,1.005754658933138330e+02,1.010112373392150573e+02,1.007228150086054370e+02,1.002301196425733281e+02,1.004931394789043964e+02,1.008188564173663764e+02,1.005935656377567540e+02,1.005553411408973545e+02,1.015374995254828576e+02,1.012142261290843805e+02,1.006878433820723728e+02
1.007499418683066210e+02,1.006038152910166446e+02,1.009060479548788862e+02,1.005693221193226350e+02,1.002512266929931855e+02,1.004978181691337085e+02,1.007180603266030516e+02,1.007446187263896036e+02,1.005903897520964279e+02,1.015788773765215893e+02,1.011481796985412842e+02,1.005874602327784828e+02
1.006632253164561348e+02,1.005939084992856039e+02,1.008803382019390824e+02,1.005524432469599816e+02,1.001487870366869686e+02,1.005270808487953076e+02,1.006933565383237692e+02,1.008215030174416853e+02,1.005019805943268949e+02,1.015787416697353649e+02,1.010867281073280282e+02,1.006169417182991168e+02
1.006810723146303275e+02,1.007169722796131026e+02,1.008051109241672378e+02,1.005195071074264916e+02,1.001806453872208778e+02,1.005206141118517849e+02,1.007504266362250576e+02,1.007965152056217164e+02,1.005306936460729759e+02,1.015623022264912692e+02,1.009907981372872854e+02,1.005609718571457023e+02
1.004651512715368398e+02,1.006077967104646973e+02,1.007041629322406351e+02,1.006119432858563130e+02,1.002048613264125976e+02,1.004454439921824900e+02,1.007417660389510274e+02,1.006867932446043028e+02,1.005390821096994216e+02,1.014541872558337161e+02,1.009524973473270961e+02,1.005340483184545519e+02
1.005657144334352324e+02,1.007367101044516318e+02,1.006632554070922367e+02,1.006446591602747986e+02,1.001267566971231844e+02,1.004626052742608238e+02,1.006462418229468625e+02,1.007577427411043942e+02,1.005078043805422396e+02,1.013536998036628773e+02,1.009570246753385447e+02,1.004612965126536750e+02
1.005198315873474257e+02,1.007994588032474610e+02,1.007105009526692925e+02,1.006722901232951841e+02,1.001968765373733277e+02,1.003192712284306936e+02,1.006230469692783061e+02,1.007009292028623406e+02,1.003888343624625890e+02,1.014596870544478833e+02,1.010045563448696555e+02,1.004259053576378875e+02
1.005455498976808997e+02,1.008187161687334736e+02,1.006839476177012216e+02,1.005373547870065352e+02,1.002145744688044999e+02,1.003380070504671124e+02,1.006171537046494819e+02,1.008040161919811624e+02,1.003814402677727173e+02,1.014179403060212366e+02,1.009087462176223653e+02,1.004609303681533561e+02
1.005582636623259702e+02,1.008238245227051095e+02,1.006633047406528334e+02,1.004931213370828402e+02,1.002355771422206487e+02,1.004213824525972711e+02,1.006103242876856427e+02,1.008893434450401401e+02,1.003472590107031550e+02,1.013803059703534046e+02,1.009682835029637147e+02,1.005363695944140829e+02
1.005229456897527882e+02,1.009181188523923254e+02,1.006060930098089585e+02,1.005833969866932875e+02,1.002249994846424244e+02,1.003581382826456263e+02,1.005401280718966461e+02,1.009163763959616489e+02,1.003431335912480336e+02,1.014601699365848759e+02,1.009714352378145890e+02,1.005344413471288760e+02
1.006521618477150639e+02,1.009603325633562747e+02,1.006165875028082439e+02,1.005755596405314805e+02,1.002052865486764688e+02,1.002769691738818665e+02,1.005066884651159427e+02,1.008456725695430549e+02,1.004239297529335175e+02,1.014447548977714746e+02,1.009810215806382985e+02,1.004510558001248199e+02
1.006141230937167279e+02,1.009401478122145477e+02,1.005992358321665137e+02,1.006025547772542978e+02,1.002774927302274932e+02,1.003990123666963115e+02,1.005229816005803940e+02,1.008848937636851986e+02,1.004591911774229942e+02,1.014923656948759429e+02,1.009445727545764413e+02,1.004620770381644803e+02
1.006433393693675242e+02,1.008585449224327988e+02,1.005697610075792880e+02,1.005456389123505261e+02,1.003535115788062200e+02,1.003365317862848229e+02,1.004839719117675401e+02,1.007994912701473282e+02,1.003357029510366800e+02,1.014676626528951289e+02,1.009501938374377517e+02,1.004978725016280805e+02
1.005959913085552699e+02,1.008525497970256737e+02,1.005415686250151168e+02,1.005387890454143474e+02,1.002383160171555119e+02,1.003389272217934121e+02,1.005912208831531416e+02,1.007342671795986604e+02,1.002787651493120933e+02,1.014051683465990976e+02,1.010404884462584221e+02,1.004308649903507131e+02
1.005152037166063934e+02,1.007235600433660352e+02,1.004585861129193773e+02,1.004832464726864742e+02,1.002748290838474645e+02,1.003682847359367258e+02,1.005201120272522104e+02,1.006812479931617332e+02,1.002811116828390112e+02,1.013750781096713638e+02,1.009689926498602830e+02,1.004408310208645787e+02
1.005657421472619575e+02,1.006763104443522963e+02,1.004253209506906472e+02,1.005562047567929369e+02,1.002834712755332731e+02,1.003140268605927190e+02,1.003056547838013302e+02,1.006168080378678837e+02,1.002562968745740477e+02,1.013512700445544397e+02,1.009756615084932889e+02,1.005078902087121264e+02
1.005442876126283664e+02,1.006729452219878311e+02,1.003917114049882144e+02,1.005041929809763133e+02,1.002900008570977377e+02,1.003296071425888982e+02,1.002738205173491934e+02,1.005889260019268647e+02,1.002158389897080752e+02,1.012786653766150096e+02,1.009350763879577642e+02,1.004565150514424232e+02
1.003850336586506842e+02,1.006717575104952545e+02,1.004839388166061269e+02,1.004979623320695197e+02,1.003032826161391853e+02,1.002768060941835842e+02,1.001580880163606366e+02,1.005294739082469988e+02,1.001266493292351925e+02,1.013161216266064599e+02,1.009116940069405501e+02,1.004672703364629740e+02
1.003193876995267715e+02,1.006537516637418008e+02,1.004270311345505178e+02,1.004199596206998564e+02,1.002669960447220490e+02,1.002902845691956912e+02,1.001859079296995816e+02,1.005455587984365451e+02,1.000176842432534556e+02,1.013140671488015272e+02,1.008799063002928449e+02,1.005480928502797155e+02
1.003747952446633604e+02,1.007546465347301137e+02,1.004047760522075947e+02,1.004501472462647627e+02,1.001871338768017807e+02,1.002652331208683165e+02,1.001276517973194871e+02,1.005707411466823515e+02,1.000933302296179193e+02,1.012906237968519036e+02,1.009006681665951817e+02,1.005584427553112619e+02
1.003915174463447499e+02,1.006685404887445401e+02,1.004209097427334143e+02,1.004054846979156395e+02,1.002844023672773091e+02,1.002073025824850845e+02,1.000651992551395750e+02,1.005056075541996563e+02,1.002442119120245820e+02,1.013666784096917155e+02,1.009620086125372751e+02,1.006031763763964051e+02
1.003995518335689781e+02,1.006028880551574503e+02,1.003350951144056751e+02,1.002783994623101052e+02,1.003183822606184492e+02,1.002055610014469664e+02,9.990957830166986753e+01,1.004865922297217651e+02,1.001596326809999766e+02,1.013621867760949158e+02,1.009283543813050272e+02,1.005775787238662815e+02
1.003482007880797511e+02,1.005817018598777395e+02,1.004157445432532398e+02,1.002338364089642226e+02,1.002485878240210866e+02,1.001947194304037367e+02,9.995970983534481036e+01,1.004063548099378380e+02,9.999030750498756959e+01,1.013319904304230192e+02,1.008648443708460007e+02,1.004668150124000618e+02
1.003163453343571376e+02,1.005267859361644014e+02,1.002915798917900787e+02,1.001764237434089608e+02,1.001829426951190101e+02,1.002387049578724145e+02,1.000727786168630615e+02,1.003823966386232911e+02,1.000186764288147572e+02,1.011533897071511774e+02,1.008241316155256300e+02,1.004202166019611440e+02
1.003219476933104204e+02,1.004795004948902886e+02,1.003656665275709798e+02,1.001554618203563081e+02,1.002698143192540385e+02,1.002186859120180316e+02,1.001135306978960386e+02,1.004062195840561174e+02,9.997713927267373890e+01,1.011251877845800209e+02,1.007431670364001377e+02,1.004559422198936005e+02
1.002889937842546146e+02,1.005661651984365363e+02,1.002583825594996512e+02,1.001011131720036076e+02,1.001973488936996688e+02,1.002531232643457173e+02,1.001714043789972663e+02,1.003756332918489846e+02,9.989682039781591527e+01,1.010989380521808130e+02,1.007780480798945888e+02,1.005287750300300900e+02
1.002314865083920239e+02,1.006210011827209740e+02,1.000784856575881889e+02,1.001108326197660290e+02,1.002267146314314630e+02,1.003289443876383160e+02,1.001987444345298712e+02,1.003315448392358178e+02,9.988384995298750368e+01,1.011139563010463718e+02,1.008069193699882931e+02,1.004688187691119907e+02
1.001936104288649148e+02,1.006510879105740628e+02,1.000447770848127362e+02,1.000812656504488984e+02,1.001797553979153861e+02,1.003432004061386920e+02,1.002564974823476405e+02,1.002917057386395498e+02,9.989861224131080064e+01,1.011550753429355325e+02,1.008361247711167010e+02,1.006101941077048565e+02
1.001510871812493093e+02,1.007327787181312289e+02,1.000055799091319102e+02,9.998509918802076868e+01,1.002092579227377058e+02,1.004338488018713917e+02,1.002358181554165668e+02,1.002774116848350587e+02,9.981396579847853445e+01,1.011335955304908936e+02,1.007895243154672897e+02,1.006186381055122183e+02
1.000232630887559964e+02,1.006433123261971758e+02,1.001311570658577637e+02,1.000255645595815821e+02,1.002629460289055316e+02,1.003428506641465248e+02,1.002249147164648804e+02,1.001886552006111089e+02,9.974613797465038090e+01,1.010236386860807016e+02,1.007613476405447273e+02,1.006182865970445590e+02
1.000028946755767407e+02,1.006439601506279331e+02,1.000609775227198242e+02,1.001076066784955287e+02,1.002663427910757150e+02,1.003215542341418711e+02,1.003678047196732734e+02,1.001543601260247414e+02,9.979825194909902564e+01,1.009914494539040959e+02,1.006992458579174468e+02,1.005723392238248834e+02
9.996165269608694359e+01,1.005191355330854606e+02,1.000135642045442523e+02,1.000288049775465993e+02,1.002614184842349800e+02,1.003056416813429479e+02,1.002660511352382713e+02,1.001566704458798256e+02,9.983623850596649163e+01,1.008977574367578427e+02,1.006536909059297784e+02,1.005149603738093873e+02
9.985189609048519799e+01,1.004563669603917759e+02,9.998308727876859336e+01,1.000157158009267704e+02,1.002554771536358800e+02,1.003071102204201708e+02,1.002797522899424791e+02,1.002609583867769061e+02,9.991321519683458519e+01,1.008073210298727673e+02,1.006243404930386305e+02,1.004977383658269048e+02
9.973869998656415703e+01,1.005119453118955448e+02,1.000116283499969256e+02,1.000063773238293408e+02,1.002469324410043328e+02,1.003574741268989783e+02,1.002914116115791501e+02,1.002524918818277087e+02,9.981712971582025773e+01,1.007733458921810694e+02,1.005933521947525833e+02,1.004950316715723631e+02
9.975786137388102759e+01,1.004399526962531723e+02,1.000019347412569743e+02,9.997862297848732283e+01,1.002842351375872454e+02,1.003805025225445604e+02,1.002281745647815541e+02,1.001566573017268666e+02,9.987920699834145921e+01,1.007424239616898660e+02,1.005409237154069189e+02,1.004806339773206503e+02
9.989277854918884714e+01,1.003751528317588253e+02,1.000097645126620876e+02,1.000558411703882769e+02,1.002464579489277412e+02,1.004109574723736529e+02,1.002599813035966463e+02,1.000614526158596362e+02,9.992078218417032076e+01,1.006809320815089279e+02,1.004266018203457520e+02,1.004953851198980317e+02
9.973368511550270910e+01,1.003637092544386320e+02,1.000538133121757625e+02,1.000861051535385116e+02,1.002375055283337417e+02,1.003849208452420783e+02,1.001984154159202092e+02,1.000474951798450149e+02,9.994841157889921135e+01,1.006064438569496104e+02,1.004470556142895958e+02,1.005708523820796927e+02
9.969453323889941032e+01,1.002601099921926391e+02,1.001055838189722920e+02,1.000755601654897333e+02,1.002132790761317267e+02,1.003172926045656510e+02,1.001472189792760901e+02,1.000873385262748059e+02,9.995974768654049569e+01,1.006249308866379408e+02,1.004990128599545329e+02,1.005630502243245417e+02
9.967229504665550621e+01,1.002569948294929247e+02,1.000080740905408732e+02,1.000572930326139272e+02,1.001981111415974510e+02,1.002881258575020240e+02,1.001669944415496758e+02,1.001703637320182594e+02,9.986128218230001607e+01,1.005985861643657557e+02,1.004671740955265307e+02,1.004475846979604228e+02
9.956170193888996778e+01,1.004119624438088323e+02,9.998643419894648332e+01,1.000792416096444413e+02,1.003132264920126033e+02,1.003369766675182149e+02,1.000469839257116433e+02,1.003015222646502025e+02,9.983289695229653660e+01,1.005731290760151779e+02,1.004670510473816876e+02,1.004572182434059329e+02
9.944963451074053751e+01,1.004141012814274632e+02,9.996255176087386474e+01,1.001625717218712168e+02,1.002921430002244421e+02,1.003098128793797628e+02,1.000302110175168622e+02,1.002686576700946830e+02,9.977261987917030694e+01,1.006239309279947349e+02,1.004795897130555886e+02,1.005263715539486782e+02
9.948640435265346582e+01,1.004103993575290303e+02,9.989266081777641659e+01,1.001149836116630780e+02,1.001930522604366161e+02,1.003269660809725963e+02,9.992301546957729386e+01,1.003358462031706750e+02,9.974553677160659504e+01,1.006991109892479557e+02,1.004076286531964541e+02,1.005522495296700356e+02
9.957911354334493126e+01,1.003786873846799921e+02,9.998243541124065814e+01,1.001627017412310323e+02,1.001659951158066661e+02,1.002350378036709344e+02,9.992141202251474397e+01,1.002643163478051207e+02,9.972476289309049946e+01,1.005802233250777959e+02,1.004615308387955253e+02,1.004994054821031568e+02
9.958692750681844075e+01,1.003481099979463380e+02,9.996199797996351322e+01,1.001396675209410603e+02,1.001368278036214292e+02,1.002392966107735646e+02,9.996577686971325249e+01,1.002584506010307450e+02,9.979875661131666220e+01,1.006037645932503466e+02,1.003849501745921771e+02,1.004811687723685623e+02
9.957358006246522564e+01,1.003453331319910404e+02,9.983163082831170243e+01,1.000996731285660815e+02,1.001139253733529699e+02,1.001829782651263372e+02,9.993823600733099966e+01,1.002348663465926535e+02,9.967776656622326925e+01,1.005686629815517250e+02,1.003567486621435592e+02,1.003887089282693239e+02
9.944858637136152879e+01,1.003178873311539405e+02,9.978330668201270726e+01,1.001973931164227167e+02,1.000435026725258183e+02,1.002583895618894303e+02,9.988788730295978269e+01,1.002391422086201374e+02,9.968644035327122310e+01,1.005187242870395892e+02,1.003881876933513126e+02,1.003895506425492243e+02
9.944293132373375954e+01,1.004185203163318647e+02,9.960956452850598453e+01,1.002501251229698624e+02,1.000969016665077049e+02,1.003575312509339881e+02,9.989559256090741712e+01,1.002272003487106673e+02,9.975148988155379470e+01,1.006041746061521707e+02,1.004057032502362432e+02,1.004099503847136248e+02
9.938015689824756294e+01,1.004300264533537757e+02,9.960205751091693571e+01,1.001507209711973161e+02,1.001524452451021006e+02,1.003654528755623545e+02,9.992838183647758399e+01,1.001856003336123848e+02,9.982845206696241291e+01,1.005619713779395141e+02,1.003727499201803681e+02,1.004277229626781178e+02
9.947894147881565630e+01,1.003152224459952748e+02,9.962456436319970976e+01,1.000396138773213721e+02,1.001728342707854580e+02,1.003690397761598945e+02,9.987864832103160495e+01,1.001133604488826165e+02,9.981117122410422837e+01,1.004456513698174831e+02,1.003317734600297513e+02,1.003657043362797054e+02
9.947778805696789561e+01,1.002984229798312015e+02,9.973758867905127090e+01,9.996800454357035903e+01,1.001618756694230115e+02,1.002986541771547877e+02,9.985138967040143143e+01,1.000201181673621988e+02,9.986144779936033444e+01,1.004831726024561931e+02,1.003157647950285991e+02,1.004172329501658822e+02
9.944422098975149993e+01,1.003651824012177229e+02,9.976222070308971013e+01,1.000010270385430147e+02,1.001702087341219567e+02,1.002385756142352449e+02,9.985778609363276814e+01,1.000202610776234877e+02,9.988139576359947114e+01,1.005354849292248076e+02,1.002296261047639518e+02,1.004290154353195561e+02
9.934527326953534043e+01,1.004570261908423277e+02,9.960627108993520551e+01,1.001703273735943043e+02,1.001185703534219726e+02,1.003371105212641368e+02,9.990434898491849935e+01,1.000737803487037496e+02,9.975231866832190519e+01,1.005024127651854258e+02,1.001977804145008548e+02,1.004638944162007306e+02
9.949035749077562230e+01,1.004619596086130286e+02,9.955595425862574643e+01,1.002062545923186434e+02,1.002245105275287074e+02,1.003920258120205773e+02,9.989394141280608608e+01,1.000488257877518663e+02,9.980766529264325015e+01,1.004591231947100312e+02,1.002925134831840666e+02,1.004574436335773697e+02
9.950851483918413010e+01,1.004969216652672657e+02,9.951772889473642181e+01,1.001879996168810152e+02,1.002270039469173355e+02,1.005281626691874095e+02,9.987736355267244903e+01,1.001243415956308809e+02,9.987869362947279228e+01,1.004541466363102842e+02,1.003205784997664551e+02,1.004535402173117689e+02
9.939737097311885350e+01,1.005177835669848179e+02,9.954911297283507565e+01,1.001174387840689946e+02,1.002242127277422838e+02,1.006530297896768218e+02,9.992694712612480146e+01,1.000974528138728203e+02,9.991270086743224965e+01,1.003711089737397657e+02,1.002095367055318178e+02,1.005135949693145534e+02
9.941042092922481288e+01,1.004493028799413850e+02,9.955287646349455599e+01,1.001554968389118585e+02,1.002356409809218150e+02,1.006424940988813290e+02,9.991198750303952636e+01,1.000310725837812953e+02,9.993614042344108839e+01,1.003395335728911704e+02,1.001777311213026707e+02,1.004673298801329082e+02
9.938974947615521671e+01,1.004219158734450872e+02,9.968388268796326201e+01,1.001133617539445737e+02,1.003264844935145987e+02,1.007064661855004317e+02,9.979405434532307595e+01,9.997136176698582233e+01,9.994836504427078694e+01,1.004285220416424096e+02,1.002902898417965503e+02,1.004323349635664187e+02
9.942617654462003429e+01,1.003847950918089396e+02,9.971456198056498010e+01,1.001889929552968823e+02,1.002237309522681556e+02,1.006575367227130187e+02,9.988387223795074021e+01,9.993445201714803261e+01,1.000167974669980140e+02,1.003785832468265653e+02,1.003169540075263342e+02,1.005075282611127250e+02
9.942717725874813084e+01,1.004204905743067116e+02,9.969967466441210036e+01,1.001036994368017190e+02,1.002856793128545121e+02,1.006190597671998148e+02,9.973716813333000175e+01,9.996787945192581049e+01,9.999088216430999410e+01,1.003246359011051680e+02,1.003758629885633695e+02,1.005517581032621877e+02
9.930196472547632425e+01,1.004808364008934802e+02,9.974527998452431632e+01,1.000270080761851830e+02,1.002768477199759758e+02,1.005990143683434468e+02,9.987068733593524428e+01,1.000586859001789151e+02,1.000594384112673225e+02,1.004153282266429130e+02,1.004080634373699183e+02,1.004615140584310211e+02
9.934368772961073546e+01,1.004528930545907457e+02,9.980875195946245526e+01,1.000782137626275556e+02,1.002768759898275590e+02,1.006549296265428524e+02,9.994007245286499597e+01,9.998415387895363438e+01,1.001217121150023956e+02,1.005192602437394100e+02,1.003671327387804553e+02,1.004419423816274843e+02
9.937221858101538885e+01,1.004184128799541895e+02,9.976274816754300900e+01,1.002126625171488428e+02,1.002756087610831202e+02,1.005543378127945715e+02,9.997944901649006511e+01,1.001238705258484458e+02,1.001243142693668489e+02,1.005951079947854936e+02,1.003135308842427662e+02,1.004117195874260631e+02
9.938862659546454381e+01,1.003025432096185767e+02,9.976449427107553447e+01,1.002297777892412256e+02,1.002971775787837601e+02,1.005311741229187277e+02,1.000338166647723028e+02,1.002260653585165926e+02,1.000624947059211536e+02,1.006140913967982442e+02,1.003939862240248431e+02,1.004655293255895998e+02
9.949734481682843068e+01,1.003311818086383198e+02,9.976928724670794679e+01,1.001513398541079738e+02,1.002805249060015598e+02,1.005169588402833085e+02,9.997284310783869898e+01,1.001959035137562495e+02,1.001390881388358451e+02,1.005917506432698900e+02,1.003682949304040761e+02,1.004440825944790276e+02
9.948936423750224378e+01,1.003480619471256148e+02,9.981792913035964432e+01,1.001348539304538576e+02,1.003979350349897004e+02,1.005716528120058229e+02,9.987809073767624568e+01,1.001340762054910414e+02,1.000855017250464414e+02,1.005525704905688400e+02,1.003453687746900869e+02,1.003599354539730513e+02
9.946474204279108733e+01,1.004496594416933988e+02,9.984732220974083816e+01,1.001512627953901102e+02,1.004145232579698757e+02,1.005066762432569760e+02,9.985520732615381689e+01,1.001110843549432303e+02,1.000354550649972509e+02,1.005502114890035301e+02,1.002457959979696227e+02,1.002688108888977183e+02
9.951466243623842445e+01,1.004948938687427074e+02,9.979310671836854851e+01,1.002053150259964838e+02,1.004070005288964467e+02,1.005574894617752761e+02,9.992549621595735232e+01,1.001679606873021271e+02,1.001055807684118690e+02,1.005775625479394648e+02,1.002233067607863291e+02,1.003072225171286220e+02
9.949996884544174236e+01,1.004461468069192875e+02,9.980897815462371625e+01,1.000854943525655187e+02,1.003299078570206575e+02,1.006457426406771987e+02,9.989048890101149425e+01,1.003175855027077006e+02,1.000941101325526574e+02,1.006784029009363763e+02,1.003819370538871567e+02,1.003341378930353471e+02
9.957286162401466356e+01,1.004312851389945962e+02,9.973251033837441071e+01,1.000650881650601605e+02,1.003125410572151281e+02,1.006533507361330066e+02,9.989587426705492135e+01,1.002051454001850317e+02,1.000399008144796511e+02,1.007259245628438151e+02,1.005200038256352713e+02,1.004039421443689690e+02
9.952637430534041130e+01,1.004365450413344121e+02,9.974148353717022530e+01,1.001592601057281513e+02,1.002494329470341086e+02,1.006686605342721350e+02,9.982904705131245748e+01,1.002264683451637239e+02,1.000677511927346472e+02,1.006545083842550952e+02,1.005039046667304348e+02,1.004396064656182830e+02
9.948311543680870273e+01,1.004477060511029975e+02,9.974373211217965718e+01,1.000992221285921460e+02,1.003885300497504858e+02,1.006323757286399285e+02,9.985616415579117700e+01,1.001515322250656936e+02,1.000466519415208495e+02,1.007759629132073940e+02,1.005860703220460692e+02,1.005506863076693520e+02
9.959340814880317794e+01,1.004162083776329553e+02,9.972935511572083556e+01,1.000713857168886278e+02,1.002872841763142020e+02,1.006113585554919467e+02,9.971538555713540575e+01,1.002369845537849358e+02,1.002300274250147538e+02,1.008289262721158082e+02,1.005919221044836576e+02,1.005652007718754248e+02
9.961897583151329627e+01,1.002467243195067397e+02,9.976241927389573050e+01,1.000732567682918273e+02,1.003729641838243509e+02,1.006711136408192715e+02,9.960121722846700720e+01,1.002624156310492509e+02,1.004253584117551412e+02,1.008558743487374443e+02,1.007241439972083015e+02,1.004732443822130961e+02
9.967148195925145160e+01,1.002291588283600703e+02,9.978189624151245596e+01,1.000979099053722052e+02,1.004472719602422188e+02,1.008205069063464947e+02,9.963931306825648448e+01,1.002202476428426365e+02,1.005992051362920705e+02,1.008472150663136517e+02,1.007760663873785631e+02,1.005328322130347516e+02
9.966598831203825171e+01,1.002624860196928438e+02,9.977624133393224781e+01,1.001132492944900889e+02,1.003653448568419151e+02,1.007986158496104139e+02,9.967880143298009443e+01,1.002230685197369411e+02,1.005342959761425448e+02,1.009566924972433810e+02,1.007577842055336106e+02,1.006162566094652817e+02
9.969057286574597754e+01,1.002804390595607202e+02,9.986563083471675384e+01,1.000568462809276582e+02,1.004235673980878119e+02,1.007274408772844367e+02,9.968256505989015182e+01,1.003655419074707993e+02,1.006729221123328557e+02,1.010645291704815207e+02,1.008221300240532798e+02,1.005990324523777559e+02
9.965490082318916620e+01,1.003230303169109021e+02,9.987265451403882821e+01,1.001952121836399527e+02,1.003659748065251875e+02,1.007437600088892822e+02,9.973036535310701822e+01,1.003681623623146635e+02,1.006686850655027001e+02,1.011441254090024415e+02,1.008588285519723229e+02,1.006424335127132963e+02
9.971219593756102029e+01,1.003529864316310949e+02,1.000118427066893219e+02,1.002427954597533528e+02,1.003573009186604708e+02,1.007081765847993466e+02,9.967463651770796673e+01,1.002722553787968423e+02,1.007415734882298040e+02,1.010636950541808687e+02,1.008513599441297828e+02,1.006892964452785719e+02
9.972158506509104825e+01,1.002996977387089999e+02,9.994529026294725327e+01,1.002223122225894940e+02,1.004077377187730633e+02,1.007619155442733927e+02,9.969673936259063396e+01,1.002377346033701002e+02,1.006966572596592897e+02,1.010393497056884371e+02,1.008693605977952075e+02,1.007154911910597406e+02
9.969206893463558572e+01,1.003472091464953024e+02,9.993974114356934990e+01,1.002603289697351130e+02,1.004923971201428543e+02,1.007892242497569413e+02,9.976385356124990267e+01,1.002314653146323735e+02,1.006358381769865105e+02,1.010796345991093119e+02,1.007923713781256652e+02,1.006911520169595065e+02
9.978682901652835824e+01,1.004183554671447496e+02,9.998104227679705502e+01,1.002630254038404445e+02,1.004800896885295742e+02,1.007271463239730878e+02,9.983786221123040150e+01,1.002356196586290196e+02,1.007388334516370065e+02,1.010059959014095341e+02,1.007354559255740440e+02,1.006693075948919613e+02
9.987500091506130673e+01,1.004798626204411107e+02,1.000084636131583693e+02,1.002411832842330170e+02,1.005196826981526925e+02,1.006809507190639579e+02,9.979116513233384467e+01,1.001719715771319699e+02,1.007669250883647578e+02,1.009411521557937732e+02,1.007376583478073826e+02,1.007185738523368030e+02
9.997393530815810436e+01,1.005236639977093489e+02,9.995795844384538498e+01,1.001720355774378532e+02,1.005925661087614174e+02,1.006362087535914611e+02,9.982625867851596979e+01,1.002044258617269037e+02,1.008349678572942167e+02,1.008491262061985907e+02,1.007665289746929176e+02,1.007606204233639460e+02
9.996304282094854443e+01,1.005017752203283550e+02,1.000158800734690061e+02,1.001520926488999237e+02,1.005756952520661116e+02,1.006383599334272532e+02,9.977644279304709585e+01,1.002595322776969908e+02,1.008242964836277338e+02,1.009069264471766587e+02,1.008707564905127185e+02,1.008327661490309453e+02
9.995240632451481133e+01,1.005631045053864909e+02,9.999091868443881026e+01,1.001468534625578855e+02,1.005872441589982174e+02,1.006599196695749185e+02,9.980450494640852810e+01,1.003591326013911242e+02,1.007019768019203667e+02,1.009147893009864134e+02,1.009251087289441955e+02,1.008339986731168381e+02
9.998515178503203060e+01,1.005808616471306607e+02,1.000517608707821751e+02,1.000120233606439086e+02,1.005959386164615665e+02,1.006401929787238032e+02,9.979883365448345955e+01,1.004641650869808416e+02,1.006812154475048118e+02,1.009136355704495145e+02,1.009404966029953385e+02,1.007481441533237643e+02
1.000413076477758949e+02,1.005903104928474221e+02,9.995297490134170459e+01,1.000050774462703913e+02,1.006850290889742752e+02,1.006088692738361345e+02,9.974348896109128759e+01,1.005261948696731764e+02,1.007710337647158525e+02,1.009539068834468054e+02,1.010456495156010277e+02,1.007719253993921171e+02
1.000295790088077581e+02,1.005155894767711260e+02,9.993944753056187835e+01,1.001396100251867978e+02,1.005695814774471017e+02,1.005755495009770897e+02,9.962700766685107112e+01,1.005053715625322042e+02,1.008338552372125889e+02,1.008801468394653398e+02,1.011268427870919737e+02,1.007204356632736193e+02
1.000629872003848533e+02,1.005616190446638285e+02,1.000199541317714846e+02,1.001899088912144293e+02,1.005845456702894580e+02,1.005597407892971091e+02,9.969275593542397473e+01,1.005068512557334373e+02,1.007974244534916153e+02,1.008882988876556084e+02,1.012328678412195444e+02,1.007358600110708267e+02
1.000295651703200832e+02,1.004875503809096529e+02,1.000542025276957503e+02,1.000755660867252601e+02,1.005508146091309811e+02,1.005796895758350900e+02,9.972379775058314522e+01,1.004817211154610987e+02,1.007955219448074757e+02,1.009746577642448244e+02,1.012277932748129103e+02,1.008319239004067072e+02
1.000915511198170833e+02,1.004919469927148867e+02,1.000541009621817921e+02,1.001495425427984713e+02,1.006354640776433484e+02,1.006022443584853647e+02,9.961030661264882724e+01,1.004966902890558771e+02,1.009046662448791096e+02,1.009523809074647431e+02,1.011635777198955850e+02,1.008487891951776732e+02
1.001702868568258253e+02,1.006362001717662338e+02,1.001273874983895666e+02,1.001656736311178975e+02,1.007038438907723616e+02,1.006926079276452697e+02,9.958574991129128762e+01,1.004925190634903345e+02,1.009324398692199622e+02,1.010001542844317868e+02,1.011323158163962006e+02,1.008959717134703311e+02
1.000914275029460043e+02,1.006949449660070997e+02,1.001690495792694833e+02,1.001647434466335653e+02,1.007584796653771093e+02,1.006676847971340720e+02,9.960531944947493344e+01,1.004728874503349090e+02,1.009244522796647061e+02,1.010317751882894299e+02,1.011633817864043010e+02,1.008925523376915265e+02
1.001063262899442634e+02,1.007572620446540554e+02,1.001631821046257045e+02,1.001724479469098128e+02,1.008702141150357647e+02,1.007986002764048834e+02,9.946801924438361198e+01,1.005365301177275512e+02,1.009274737975268579e+02,1.010469044033788322e+02,1.011090901195313165e+02,1.008837219587679925e+02
1.000643397779448804e+02,1.007613087459294832e+02,1.001890439043085195e+02,1.002485202127601696e+02,1.008311248683651513e+02,1.008138515396272794e+02,9.945097413895406646e+01,1.005233437091201694e+02,1.009734428893266340e+02,1.011072953258139222e+02,1.011245981367839875e+02,1.010269758673901208e+02
9.997231588682811321e+01,1.006946313926213747e+02,1.002231102357626895e+02,1.004106255056828161e+02,1.007547326218441412e+02,1.007640443510430970e+02,9.944345445578143483e+01,1.005569581028906327e+02,1.008936217247406120e+02,1.011774922444172802e+02,1.011756220377515518e+02,1.011090184180401792e+02
9.995298002095555034e+01,1.006558929098742396e+02,1.001249102317871831e+02,1.003497446125028887e+02,1.006965345808811492e+02,1.008251779359304123e+02,9.940703864548454760e+01,1.006757436465485682e+02,1.008946046501975076e+02,1.011605681553753300e+02,1.011986556582601793e+02,1.010734882138386439e+02
9.991392856978583836e+01,1.007051767479739794e+02,1.001289158360354605e+02,1.003015066600721070e+02,1.007087755184254974e+02,1.008367694740127263e+02,9.949528086107170566e+01,1.007319812194441795e+02,1.010227464354449296e+02,1.011350830676072405e+02,1.012227746402520552e+02,1.010733130056633939e+02
9.996038378474915476e+01,1.006858106793708600e+02,1.001003885415002941e+02,1.003157604176633129e+02,1.007501477365347284e+02,1.008119700933366545e+02,9.949568409022310789e+01,1.006596360421842888e+02,1.009301163358605891e+02,1.010700593272714656e+02,1.012303258936533155e+02,1.010718267451330092e+02
9.997549095803192643e+01,1.006630950691941990e+02,1.001329827132304473e+02,1.003013320950870764e+02,1.008224587529211362e+02,1.008617359195970238e+02,9.950974087012818359e+01,1.007012931384362986e+02,1.008682755726688214e+02,1.010344899570216342e+02,1.012884319250192249e+02,1.010194181957182309e+02
1.000158657970860503e+02,1.005577677087226363e+02,1.000300080321516134e+02,1.003139465780470374e+02,1.008535028111483598e+02,1.007965549084824630e+02,9.945789681423649142e+01,1.006876760288158579e+02,1.008631954196537919e+02,1.010185941012987030e+02,1.013766409792338976e+02,1.010911813182340069e+02
1.000411893926650038e+02,1.005911898094738177e+02,1.000447305194809786e+02,1.003353633906075686e+02,1.009452282455863923e+02,1.007929562185433525e+02,9.950596197198649406e+01,1.007566055914880820e+02,1.009703540020883707e+02,1.010958757725781396e+02,1.014497637149994915e+02,1.010678461160777175e+02
1.000952207806465566e+02,1.005949345626818143e+02,1.000039667078312107e+02,1.003192629728238217e+02,1.009810132623753560e+02,1.006533591706671018e+02,9.947628569746265725e+01,1.008044418291092228e+02,1.009427071110030312e+02,1.011272331701061944e+02,1.014786005192978564e+02,1.010423645814802853e+02
1.001877372346584991e+02,1.006002817083660545e+02,1.000490736675492798e+02,1.003015173674524618e+02,1.008759970642802131e+02,1.007144487137035753e+02,9.950631125225166329e+01,1.009253090673833384e+02,1.009696681206322921e+02,1.011143716960371250e+02,1.014727979193876592e+02,1.011717794469761174e+02
1.002435089078814485e+02,1.005557025897564927e+02,1.001888478008592500e+02,1.002789746390847512e+02,1.008806252843977234e+02,1.007155524199838226e+02,9.948679964838031253e+01,1.009975134331750724e+02,1.009458559630273413e+02,1.009659227415843077e+02,1.014920807440726094e+02,1.010685236814753409e+02
1.002627189722516476e+02,1.005863123959336747e+02,1.001911885661380097e+02,1.002927776761745804e+02,1.009742638668960950e+02,1.006526916133198597e+02,9.949491855190944989e+01,1.009892962108783934e+02,1.009324705411680156e+02,1.009677037760390874e+02,1.014552238074541606e+02,1.010412959513094791e+02
1.003289644488725685e+02,1.005358911025696358e+02,1.002608076192983901e+02,1.003467971885306724e+02,1.009692164793462439e+02,1.006760518823903254e+02,9.949984252464284396e+01,1.010460248873794598e+02,1.010229586556387460e+02,1.010138939293944418e+02,1.014549691153384856e+02,1.010415411957332736e+02
1.003259452343219493e+02,1.006367796536945036e+02,1.003349567808202920e+02,1.003999195459772835e+02,1.009537218854525946e+02,1.006433307007985860e+02,9.967127376916528192e+01,1.009361243517517579e+02,1.011621626492071329e+02,1.009139640506601836e+02,1.015123919162995634e+02,1.009986099807044724e+02
1.003047671696300398e+02,1.007002427800031086e+02,1.004149984644148503e+02,1.004159297097119889e+02,1.009564060487103916e+02,1.006871064139680101e+02,9.962637511597202433e+01,1.009533936472575988e+02,1.011320757812335529e+02,1.008721454820661592e+02,1.015085431777788330e+02,1.009687045512845032e+02
1.004260195194012084e+02,1.007801737561744346e+02,1.005057832848416695e+02,1.003777707840505542e+02,1.009986914370491746e+02,1.007684401909590122e+02,9.967623223727055404e+01,1.010074725820884538e+02,1.011775873966522852e+02,1.008636887113844836e+02,1.013612433558777752e+02,1.010161685944593728e+02
1.004175054349770591e+02,1.008109599043128384e+02,1.005433798527769511e+02,1.004406013032530467e+02,1.009510395871629811e+02,1.008393742370747788e+02,9.970332145864161077e+01,1.009374146384418367e+02,1.011704162527990007e+02,1.007939877847150285e+02,1.014697830358460919e+02,1.010463130132687724e+02
1.005199733271993949e+02,1.008829270072736932e+02,1.005796172963329269e+02,1.004959684692820616e+02,1.008955115953624357e+02,1.009121859910489434e+02,9.965623572882127235e+01,1.009021427867183149e+02,1.011329824339844947e+02,1.007455193670848672e+02,1.015687937137362127e+02,1.010754856093228256e+02
1.005323020066627464e+02,1.008042786652025455e+02,1.005152894104193422e+02,1.006857643222050314e+02,1.008821264413936376e+02,1.009811043457259530e+02,9.965525672379887112e+01,1.009772935958111049e+02,1.011513697989314977e+02,1.007608978409169822e+02,1.014782962053268136e+02,1.010697282696365988e+02
1.005168739098277939e+02,1.007600247102041635e+02,1.005512899630864609e+02,1.007479393061598500e+02,1.008999313483268310e+02,1.009653433336481925e+02,9.958042746061610728e+01,1.010739943998103598e+02,1.012451528889275068e+02,1.006651956542926172e+02,1.015300273204507988e+02,1.011032609077041258e+02
1.006053287553799436e+02,1.008342180905370924e+02,1.004135387721128581e+02,1.008094566942956476e+02,1.009081391951467310e+02,1.011548958351763616e+02,9.951849747378393829e+01,1.011349150601011502e+02,1.012271039600234559e+02,1.007712609549148368e+02,1.014803140586861190e+02,1.010621178142036598e+02
1.005826933091856574e+02,1.007762078887344188e+02,1.003864576510957960e+02,1.008611995234696366e+02,1.009161753796951047e+02,1.010158837103493710e+02,9.966596318350283923e+01,1.012101248011705792e+02,1.012965565797604768e+02,1.007413831061687119e+02,1.014485196994858711e+02,1.009943724182563187e+02
1.005987250309614609e+02,1.007945955109848200e+02,1.003979206433227915e+02,1.007996378806279552e+02,1.008849278403072418e+02,1.010877844801553920e+02,9.972639686195711306e+01,1.012036923571055809e+02,1.013576728550540480e+02,1.008247637370517538e+02,1.014093967577633180e+02,1.009051848966475688e+02
1.006779199683143560e+02,1.007160205604767782e+02,1.003555894406564732e+02,1.008877703134135544e+02,1.008876568045187838e+02,1.011695006587482482e+02,9.970121180719721110e+01,1.012442625083251357e+02,1.013159692594016832e+02,1.008490122768080681e+02,1.014689018575432300e+02,1.009410670117485722e+02
1.007265455673618959e+02,1.007437404529338920e+02,1.003849480699589236e+02,1.008554801555008709e+02,1.008628483667968396e+02,1.011946391747466265e+02,9.971843836487592228e+01,1.013193137143334468e+02,1.012431957615888791e+02,1.009851251541007429e+02,1.015128310970953294e+02,1.009408844261454874e+02
1.008048524088038960e+02,1.008613390703166175e+02,1.003618677952433131e+02,1.009202961105418410e+02,1.009103920488881698e+02,1.010581917048868092e+02,9.968312086037505537e+01,1.013700659358846821e+02,1.012489728558984297e+02,1.009523523257891497e+02,1.015323710983633134e+02,1.009419217988877477e+02
1.008013833809477262e+02,1.008950592134515318e+02,1.002831972224532535e+02,1.008385291791649649e+02,1.008433639817336456e+02,1.010668555092684500e+02,9.966737070529541143e+01,1.014381061332125000e+02,1.011655136758577100e+02,1.009661414177222412e+02,1.014739957165650566e+02,1.008951809380751712e+02
1.007974956029194971e+02,1.009954678761475861e+02,1.002883297657353552e+02,1.008990608662680160e+02,1.008275454781685170e+02,1.011866249744394395e+02,9.963352807477447470e+01,1.013566260605194032e+02,1.011518004169209490e+02,1.008972779499103751e+02,1.015297600240751450e+02,1.008434719852310764e+02
1.009216274377899651e+02,1.009553792389475433e+02,1.003398026863330017e+02,1.009453091947754046e+02,1.008058388421132321e+02,1.011775777914757413e+02,9.964673358610576770e+01,1.013277034215128083e+02,1.011142001705032953e+02,1.009086238326540013e+02,1.014401820320966578e+02,1.007354274440160538e+02
1.009405980227228952e+02,1.010589612260631895e+02,1.003818758065482086e+02,1.009236011157482693e+02,1.007830143199192747e+02,1.011877843391977763e+02,9.957342159814257343e+01,1.012517537020030858e+02,1.011347228098717608e+02,1.009862513041414189e+02,1.015218716358262157e+02,1.007178859596088643e+02
1.009479330311522602e+02,1.010241331368494713e+02,1.004041084023115076e+02,1.009474003007892691e+02,1.008680256977725804e+02,1.011432017113217228e+02,9.943231325912694274e+01,1.012915396958004948e+02,1.010943876916753226e+02,1.009427253093043362e+02,1.015813591654750780e+02,1.007246478040006963e+02
1.010310197276237147e+02,1.010062204299947837e+02,1.002760993307619799e+02,1.010049216300740511e+02,1.009084407029659758e+02,1.012275612604973247e+02,9.932299816389219416e+01,1.012825964130716301e+02,1.010418756627757944e+02,1.010044985703691367e+02,1.015473995898060053e+02,1.007561452334711021e+02
1.009140121374012722e+02,1.008723996879591880e+02,1.003505021644566568e+02,1.010455244380302418e+02,1.009569437168890289e+02,1.011555823553620854e+02,9.928038209080020238e+01,1.012526055282847466e+02,1.009736653725352085e+02,1.010057196595234785e+02,1.017170570300975072e+02,1.006910835637857815e+02
1.009701315906852273e+02,1.009165816576924897e+02,1.002682168069746922e+02,1.010529157215097484e+02,1.010359784770266316e+02,1.011023387931045789e+02,9.921144057634130320e+01,1.012158124994122517e+02,1.009836008693559108e+02,1.009484655330233522e+02,1.017198941689624974e+02,1.007125584765588115e+02
1.010484683949435123e+02,1.008531250887692181e+02,1.002113798917198864e+02,1.010253026431461905e+02,1.011329374306997408e+02,1.011514165909170231e+02,9.913463336799485148e+01,1.011934883677141812e+02,1.008986569190134190e+02,1.009588534020372919e+02,1.016913912610760065e+02,1.006734495449407092e+02
1.010890119611760127e+02,1.008769444573003256e+02,1.003535129829481605e+02,1.010119439081546489e+02,1.012793411872723937e+02,1.011221262359279507e+02,9.915501001044998475e+01,1.012341363407322774e+02,1.008437787837595891e+02,1.008863851972844543e+02,1.016533185012389424e+02,1.005158315137111060e+02
1.010508925041186927e+02,1.009119648884568505e+02,1.002384494098485419e+02,1.009845502525397620e+02,1.012703925734398211e+02,1.011094640154956323e+02,9.919666336733746448e+01,1.011545507200762728e+02,1.008361226469829575e+02,1.008540124076943698e+02,1.016354458154382598e+02,1.004654169258182037e+02
1.010593610169481025e+02,1.009578681616486335e+02,1.000651622217532548e+02,1.010055845938993002e+02,1.012862366923664297e+02,1.010673556188203435e+02,9.920125242766239637e+01,1.011176056902047407e+02,1.007238864799518581e+02,1.009580183392486248e+02,1.015761954824650104e+02,1.003599605073075480e+02
1.011025458523934475e+02,1.009130655578121036e+02,1.000162373040080013e+02,1.010213057806450365e+02,1.013388782506978032e+02,1.011122688583189841e+02,9.910785938063474987e+01,1.011250591617842787e+02,1.007408651105343012e+02,1.010027195459811509e+02,1.015028765200381287e+02,1.003988421472198382e+02
1.011003295871137482e+02,1.009878909321007114e+02,1.000417624645426287e+02,1.009991177048831617e+02,1.013155497713717779e+02,1.010614676826597673e+02,9.904777776041632364e+01,1.011337162710411803e+02,1.007278310190303756e+02,1.009893133804096834e+02,1.015339346004697063e+02,1.004354751335642959e+02
1.012289296925446536e+02,1.008397482571317028e+02,1.000432626095314248e+02,1.008717625459166101e+02,1.013058727589678654e+02,1.010687043061184909e+02,9.905481432321218449e+01,1.010822644113980573e+02,1.005795175409915316e+02,1.010376565501995003e+02,1.014641259384383147e+02,1.005030878381141122e+02
1.012112890259817419e+02,1.008780588428961806e+02,1.000332381222786466e+02,1.009090881258688484e+02,1.012335067661927184e+02,1.011413264334068316e+02,9.911332847410491809e+01,1.010326585804806712e+02,1.006566341924567496e+02,1.009767621914209315e+02,1.014743456249038758e+02,1.004033782835250292e+02
1.011773478339971319e+02,1.007732905731459709e+02,1.000120707576676580e+02,1.008128072262194195e+02,1.011188696881699514e+02,1.011455854771754161e+02,9.921506461724463577e+01,1.011098540314449110e+02,1.005915000597131410e+02,1.010031952293804096e+02,1.013833469608779012e+02,1.003578110868320721e+02
1.012032785954301346e+02,1.007688447239941212e+02,9.992693549836373279e+01,1.008515995633270563e+02,1.011060127326089884e+02,1.011141156919737512e+02,9.931139062778730420e+01,1.009777937839895401e+02,1.004640065370232236e+02,1.010235228277200434e+02,1.014087100576044804e+02,1.003877437619629234e+02
1.011157344013526256e+02,1.007165611730279693e+02,9.994189798614739573e+01,1.009202349059237207e+02,1.011345479917014529e+02,1.009768607710151400e+02,9.923093029659406739e+01,1.008923143366573356e+02,1.004197222522482491e+02,1.010403202731797023e+02,1.014670442822640126e+02,1.004414942532705339e+02
1.011178889436897919e+02,1.005878866060310060e+02,9.995182356692448877e+01,1.009055316029592149e+02,1.011882009357944412e+02,1.009214347057914694e+02,9.923553059301647750e+01,1.009320188967959808e+02,1.004734593534262785e+02,1.011489282468911455e+02,1.014485686743185511e+02,1.003386503833533823e+02
1.010222527650674493e+02,1.005497177817969146e+02,9.999206418001999452e+01,1.008226608402935938e+02,1.012459005378397876e+02,1.008660833061729534e+02,9.921316895825273718e+01,1.009826993462457523e+02,1.003850890657594732e+02,1.011881942215544967e+02,1.014552518884712811e+02,1.004091106834646894e+02
1.010110738860725519e+02,1.005222169709343660e+02,9.988753219922297433e+01,1.007900707133915859e+02,1.013677779289368317e+02,1.008162996157344651e+02,9.923408186252450491e+01,1.009070825414988946e+02,1.003365680759212779e+02,1.012230240888987254e+02,1.014552666116976667e+02,1.004517849782636318e+02
1.011326634815491445e+02,1.005192310542655605e+02,9.984346615829339555e+01,1.006695647307552122e+02,1.013584918363945917e+02,1.008755045777501209e+02,9.928805085718801138e+01,1.008938903259455344e+02,1.003614682427578373e+02,1.012072398467669814e+02,1.014108698411846916e+02,1.005475588616187110e+02
1.010514889930808806e+02,1.004336744316481855e+02,9.989653215139102826e+01,1.006279104287093134e+02,1.013219439444890071e+02,1.007581369783235772e+02,9.938107898544980401e+01,1.008612046791762253e+02,1.003997338509416579e+02,1.011371254633269956e+02,1.013311327155613242e+02,1.006121261581235728e+02
1.010826607216662865e+02,1.003032801580911979e+02,9.990757551619279297e+01,1.005996626655328896e+02,1.013823244854730348e+02,1.006976817869753518e+02,9.937958727415245619e+01,1.007434355930229231e+02,1.004219348716484177e+02,1.010864609520708655e+02,1.013643953843762233e+02,1.006709137616733472e+02
1.010853937798604107e+02,1.002695628249644386e+02,9.984833310753070634e+01,1.005240766046147343e+02,1.014893746787645625e+02,1.006943538225426238e+02,9.934035215837428723e+01,1.006926954651107309e+02,1.005459502947596206e+02,1.012020436286894807e+02,1.013806329692102821e+02,1.005712138579642101e+02
1.010429721599990245e+02,1.002092838644480111e+02,9.989788191933305939e+01,1.005584732706658286e+02,1.015044509088074705e+02,1.006288205847202590e+02,9.929589208912062759e+01,1.006851651936038650e+02,1.005107355288261601e+02,1.010606850124592739e+02,1.013513762431692413e+02,1.005723253702163902e+02
1.010331384237060064e+02,1.001487767838998906e+02,9.995101427313640841e+01,1.005091332940649664e+02,1.014706048262076195e+02,1.006566150312937964e+02,9.927939332127107264e+01,1.007467956472204520e+02,1.004798994028309949e+02,1.010121127433253321e+02,1.012290377327842066e+02,1.006733237031564698e+02
1.009403816719306093e+02,1.001560051134459428e+02,9.981019856092713383e+01,1.006090453539953984e+02,1.014400717227960627e+02,1.006214976549183717e+02,9.934145510081494024e+01,1.007649979335333796e+02,1.003774720864269483e+02,1.010088366751071192e+02,1.012418859228533847e+02,1.006999118064624241e+02
1.009201707876332534e+02,1.001590124128809549e+02,9.974142797158178553e+01,1.005624834441108106e+02,1.015013004556005285e+02,1.004921588895466158e+02,9.926217016038562235e+01,1.007510408807166584e+02,1.003171548403837221e+02,1.009286725385481134e+02,1.012440769214334892e+02,1.006548483290852545e+02
1.009753361729465837e+02,1.000105855375596065e+02,9.970783662903228617e+01,1.005089177301213113e+02,1.014585633092778778e+02,1.004717917569863346e+02,9.916052859333049696e+01,1.007508984338491871e+02,1.002754403217325745e+02,1.009942677573643124e+02,1.012165607297882133e+02,1.006065583938900971e+02
1.010716874209794156e+02,9.991680603593421495e+01,9.968726457479169767e+01,1.005109956882900519e+02,1.013460013266694375e+02,1.005497811175080329e+02,9.914808401722810061e+01,1.006078871509251798e+02,1.003101152990259237e+02,1.009760713704294659e+02,1.011149935007861700e+02,1.005959103184015646e+02
1.009876703341949877e+02,9.982060387637662302e+01,9.962699070554339187e+01,1.005190107811254450e+02,1.012973092786362059e+02,1.005050271943395757e+02,9.923267858705642652e+01,1.006060130405763431e+02,1.002950873076348159e+02,1.009458529325401202e+02,1.010926151423345800e+02,1.005249330691402037e+02
1.010456098458029146e+02,9.979289583888386517e+01,9.954746267214855493e+01,1.004614635055748124e+02,1.012854820502440560e+02,1.005253508165266112e+02,9.923585745545963732e+01,1.005587306630370108e+02,1.001836761068227588e+02,1.009287353727335983e+02,1.010882776064037074e+02,1.005313443134839275e+02
1.010948851055263447e+02,9.965697954322317287e+01,9.959052170389563230e+01,1.004348545190513136e+02,1.012141690319525367e+02,1.005033770011763892e+02,9.916398308929458949e+01,1.004895166865301093e+02,1.002092804756272386e+02,1.009408619233392983e+02,1.010148046345522772e+02,1.004148369397343998e+02
1.010994515528558253e+02,9.959620905803413393e+01,9.958054125232817455e+01,1.003564197213456737e+02,1.012377788208544160e+02,1.004846290410306864e+02,9.915882838488299456e+01,1.004113651868447903e+02,1.003121350146236779e+02,1.010085356348431418e+02,1.010119937271859811e+02,1.003739844260973939e+02
1.010005793631662101e+02,9.956362312440950291e+01,9.948693688943406244e+01,1.003761558954460469e+02,1.012386915459716619e+02,1.004254887998057342e+02,9.917970708486680564e+01,1.003641514597416631e+02,1.003084304300311373e+02,1.009012835787217028e+02,1.009528935343060141e+02,1.003817396661138162e+02
1.009063257371668954e+02,9.958602923867729828e+01,9.944324067542189027e+01,1.004308602227604581e+02,1.012397207749400678e+02,1.003982731941236466e+02,9.927605803349420910e+01,1.003103207622096988e+02,1.002314126690112630e+02,1.008106493419616072e+02,1.009871765534994665e+02,1.003254485807892138e+02
1.008598449798642633e+02,9.944333718610634776e+01,9.945424501510541404e+01,1.004068179689206204e+02,1.012336726867966377e+02,1.004184842692683191e+02,9.922254777195951192e+01,1.002317573110645270e+02,1.002180532879343531e+02,1.007990502925680261e+02,1.010395595046725816e+02,1.003063646205393695e+02
1.008193711134585584e+02,9.933522880647981879e+01,9.946662574534660450e+01,1.004056995386163038e+02,1.011558733685447180e+02,1.003508510655666868e+02,9.936452417651435098e+01,1.003398113516016110e+02,1.001292989044824111e+02,1.008329329580106730e+02,1.011066264084072088e+02,1.002635832717921431e+02
1.007702873829967842e+02,9.927494779464454666e+01,9.946832160808295953e+01,1.004535994890123618e+02,1.012896980135885485e+02,1.004009522125408864e+02,9.945687181681957156e+01,1.003871767248374880e+02,1.001169798707293523e+02,1.008003965749512361e+02,1.010458161219053892e+02,1.001634861576574309e+02
1.006465510177919498e+02,9.926788993673089578e+01,9.945066715158381498e+01,1.004657446394200377e+02,1.013105071260414576e+02,1.003582196438417355e+02,9.949530650086225592e+01,1.004111934304129790e+02,1.000688704508424678e+02,1.007651406662604074e+02,1.009534504990871966e+02,1.002531757998844597e+02
1.006480355169513814e+02,9.930009322134134209e+01,9.941766943199169759e+01,1.004874304803268643e+02,1.012076078105317833e+02,1.002987122396726249e+02,9.962040032489827013e+01,1.004133401409884669e+02,9.992062920819620331e+01,1.006757715619649218e+02,1.009986319619785320e+02,1.002553714339296249e+02
1.004633194962512732e+02,9.921356268914367149e+01,9.940589872205438837e+01,1.003507025677331228e+02,1.012282137335766095e+02,1.004080384539851849e+02,9.961806221906911674e+01,1.003820951335026450e+02,9.990517247354793540e+01,1.007234608070918682e+02,1.010107900897990163e+02,1.001639106034146778e+02
1.004390925765068374e+02,9.925296572491899383e+01,9.929606605153490761e+01,1.003767134470028850e+02,1.012073269718802067e+02,1.003423743867834474e+02,9.956099893210198104e+01,1.004465591340868684e+02,9.986223174143131587e+01,1.007146098567277903e+02,1.010000324427335840e+02,1.001231314470621356e+02
1.005104978681955572e+02,9.928322746067135540e+01,9.926428149951084379e+01,1.003594742253800263e+02,1.010886652701475299e+02,1.003926223505870894e+02,9.956406726640362592e+01,1.003965748404669824e+02,9.992383606759183579e+01,1.006742270144870588e+02,1.009901823106510506e+02,1.002236229351221368e+02
1.005201387337396852e+02,9.929280013834680574e+01,9.933723702886470619e+01,1.004231360154294919e+02,1.011400759368302289e+02,1.003210577284399676e+02,9.962589378521012407e+01,1.004495729835538214e+02,9.990128464504577721e+01,1.005549203200191783e+02,1.009401909247964113e+02,1.002256824826391863e+02
1.004631066739172240e+02,9.924535107913686716e+01,9.938963733176392168e+01,1.003787292762695387e+02,1.010662549435124049e+02,1.002763179880125648e+02,9.966441017523219159e+01,1.004312612447483843e+02,9.991050881063111433e+01,1.006083961985518158e+02,1.009304744253192894e+02,1.001519587486824179e+02
1.004853143892113394e+02,9.908574870331642614e+01,9.937749141450970569e+01,1.003638628835612394e+02,1.009267840680695087e+02,1.002907217518074532e+02,9.957513343611357470e+01,1.002717547865463388e+02,9.985271862210322524e+01,1.005571109716612028e+02,1.009253277425824962e+02,1.001789688078899303e+02
1.005290307619226695e+02,9.901569205536249285e+01,9.927748826683928485e+01,1.003774412454525446e+02,1.008854568819968733e+02,1.003745967677366764e+02,9.958813336618936773e+01,1.002306050421989312e+02,9.970716228120792834e+01,1.006293707991230946e+02,1.009852033707705061e+02,1.002093989464052584e+02
1.004589344375238085e+02,9.902368631819599898e+01,9.931904721768938771e+01,1.003581373824509342e+02,1.007954241199487200e+02,1.003066686688621019e+02,9.956992707674085352e+01,1.002246652574663415e+02,9.965830501461259416e+01,1.006742486855246312e+02,1.009254578443688501e+02,1.002482559508143822e+02
1.003891485698386816e+02,9.908496583645617761e+01,9.930626335980495867e+01,1.002973953012909050e+02,1.007489609012538665e+02,1.003175098987463230e+02,9.960167886522283709e+01,1.002727766705042427e+02,9.967883951288364131e+01,1.006766657153098805e+02,1.009957063939350803e+02,1.003389817411987934e+02
1.003884743963946136e+02,9.915859667600710736e+01,9.934976452214712594e+01,1.003485305075207776e+02,1.007704551344810824e+02,1.003090258527953864e+02,9.959751976536442442e+01,1.003557259780970270e+02,9.969203970441274976e+01,1.007300006556047265e+02,1.009675804911191221e+02,1.003212489793182556e+02
1.003322503904874168e+02,9.915949703435715890e+01,9.942543611093658740e+01,1.003480749561439040e+02,1.006555736468136359e+02,1.002183650034012601e+02,9.949931103484213679e+01,1.003421526745764822e+02,9.967967257621539545e+01,1.008015995439803874e+02,1.010370548918678821e+02,1.002683499314004223e+02
1.001501774978825523e+02,9.916557835731794057e+01,9.941763613847462011e+01,1.004177825068615988e+02,1.007109613025115493e+02,1.002774934011632268e+02,9.946616887128921292e+01,1.004522808434032015e+02,9.973695850847424538e+01,1.008299105801837499e+02,1.010354658766194831e+02,1.003472337854973091e+02
1.001301092896607372e+02,9.915192001154403556e+01,9.942990383822233014e+01,1.004034557598132977e+02,1.007598729551296231e+02,1.003131452960020340e+02,9.943095753628914224e+01,1.005476291568870266e+02,9.977203149397891480e+01,1.007570931175872886e+02,1.011457788508957378e+02,1.003614522903454827e+02
1.001858125387234821e+02,9.907677516201290757e+01,9.939202451568678498e+01,1.003189652616315755e+02,1.007361785923476702e+02,1.002613320089180178e+02,9.942960838254658995e+01,1.005068618151733375e+02,9.975197307878718789e+01,1.007529202111789601e+02,1.011857148275728946e+02,1.003880275605773278e+02
1.001411678342073657e+02,9.904719410770528043e+01,9.933702675120075298e+01,1.000878637176895865e+02,1.007741588420958294e+02,1.001817232884582722e+02,9.936852808650969848e+01,1.004806718177192550e+02,9.977856025356575742e+01,1.007383474828041301e+02,1.012067005703618747e+02,1.002997447011797334e+02
1.001661626933634039e+02,9.894050404667808607e+01,9.938567177701953881e+01,1.001407594194367476e+02,1.008716864420065349e+02,1.001888944197711453e+02,9.944150195088991495e+01,1.003807473684283025e+02,9.978693288429262509e+01,1.007252815065631495e+02,1.012597113526125554e+02,1.003118027239151786e+02
1.001764945501941924e+02,9.891441231597124784e+01,9.933404152364430217e+01,1.001065503987168910e+02,1.008710697797438058e+02,1.001334309582217372e+02,9.945470260305879151e+01,1.003078892316427044e+02,9.985659724750674116e+01,1.008187584553545975e+02,1.012078367013585449e+02,1.002797221137703616e+02
1.002133024785484423e+02,9.892835204355887413e+01,9.929572995422778092e+01,1.001620244230323777e+02,1.008688861511410408e+02,1.001580295709035795e+02,9.946798918545276535e+01,1.002678302753739530e+02,9.977250967718357799e+01,1.008087811872663053e+02,1.012604672249246818e+02,1.001974178246855729e+02
1.001920325422017584e+02,9.900459840777200782e+01,9.918672119023460709e+01,1.001286243033955969e+02,1.010028680116066937e+02,1.001006711552851414e+02,9.940893175993454633e+01,1.002752001003679396e+02,9.965873495823419148e+01,1.007775758912518853e+02,1.013417601094862164e+02,1.002801607054456952e+02
1.001771191243858397e+02,9.893076145195381343e+01,9.914905199020323323e+01,1.001182037192664325e+02,1.010602800972905015e+02,1.000199403056016365e+02,9.946198666441493685e+01,1.004536738262190738e+02,9.968437373212547925e+01,1.006133423483302067e+02,1.013239862030060863e+02,1.003016078364203594e+02
